1332 1332 1332 1332 1332 1332 1332 1332 1332 1332 1332 1332 1332 1332 1332 1332 1332 1332 1332 1332 1332 1332 1332 1332 1332 1332 1332 1332 1332 1332 1332 1332 1332 1332 1332 1332 1332 1332 1332 1332 1332 1332 1332 1332 1332 1332 1332 1332 1332 1332
1332 1332 1332 1332 1332 1332 1332 1332 1332 1332 1332 1332 1332 1332 1332 1332 1332 1332 1332 1332 1332 1332 1332 1332 1332 1332 1332 1332 1332 1332 1332 1332 1332 1332 1332 1332 1332 1332 1332 1332 1332 1332 1332 1332 1332 1332 1332 1332 1332 1332
1332 1332 1332 1332 1332 1332 1332 1332 1332 1332 1332 1332 1332 1332 1332 1332 1332 1332 1332 1332 1332 1332 1332 1332 1332 1332 1332 1332 1332 1332 1332 1332 1332 1332 1332 1332 1332 1332 1332 1332 1332 1332 1332 1332 1332 1332 1332 1332 1332 1332
1332 1332 1329 1344 1344 1344 1344 1344 1344 1344 1344 1344 1344 1344 1344 1344 1344 1344 1344 1344 1344 1344 1344 1344 1344 1344 1344 1344 1344 1344 1344 1344 1344 1344 1344 1344 1344 1344 1344 1344 1344 1344 1344 1344 1344 1344 1344 1328 1332 1332
1332 1332 1334 1401 1402 1402 1402 1402 1402 1402 1402 1402 1402 1402 1402 1402 1402 1402 1402 1402 1402 1402 1402 1402 1402 1402 1402 1402 1402 1402 1402 1402 1402 1402 1402 1402 1402 1402 1402 1402 1402 1402 1402 1402 1402 1402 1403 1320 1332 1332
1332 1332 1334 10 10 10 10 10 10 10 10 10 10 10 10 10 10 10 10 10 10 10 10 10 10 10 10 10 10 10 10 10 10 10 10 10 10 10 10 10 10 10 10 10 10 10 10 1320 1332 1332
1332 1332 1334 10 10 10 10 10 10 10 10 10 10 10 10 10 10 10 10 10 10 10 10 10 10 10 10 10 10 10 10 10 10 10 10 10 10 10 10 10 10 10 10 10 10 10 10 1320 1332 1332
1332 1332 1334 10 10 10 10 10 10 10 10 10 10 10 10 10 10 10 10 10 10 10 10 10 10 10 10 10 10 10 10 10 10 1158 1160 1160 1160 1160 1160 1160 1161 10 10 10 10 10 10 1320 1332 1332
1332 1332 1334 10 10 10 10 208 210 210 210 210 210 210 211 10 10 10 10 10 10 10 10 10 10 10 10 10 10 10 10 1158 1160 1167 1182 1182 1182 1182 1182 1182 1168 1160 1161 10 10 10 10 1320 1332 1332
1332 1332 1334 10 10 10 208 217 232 232 232 232 232 232 218 211 10 10 10 10 10 10 10 10 10 10 10 10 10 10 1158 1167 1182 1182 1182 1182 1182 1182 1182 1182 1182 1182 1168 1161 10 10 10 1320 1332 1332
1332 1332 1334 10 10 10 220 232 232 232 232 232 232 232 232 234 10 10 10 10 10 10 10 10 10 10 10 10 10 10 1170 1182 1182 1182 1182 1182 1182 1182 1182 1182 1182 1182 1182 1184 10 10 10 1320 1332 1332
1332 1332 1334 10 10 10 220 232 232 232 232 232 232 232 232 234 10 10 10 10 10 10 10 10 10 10 10 10 10 10 1170 1182 1182 1182 1182 1182 1182 1182 1182 1182 1182 1182 1182 1184 10 10 10 1320 1332 1332
1332 1332 1334 10 10 10 243 228 232 232 232 232 232 232 229 246 10 10 10 10 10 10 10 10 10 10 10 10 10 10 1170 1182 1182 1182 1182 1182 1182 1182 1182 1182 1182 1182 1182 1184 10 10 10 1320 1332 1332
1332 1332 1334 10 10 10 10 243 244 244 228 229 244 244 246 10 10 10 10 10 10 10 10 10 10 10 10 10 10 10 1170 1182 1182 1182 1182 1182 1182 1182 1182 1182 1182 1182 1182 1184 10 10 10 1320 1332 1332
1332 1332 1334 10 10 10 10 10 10 10 220 234 10 10 10 10 10 10 10 10 10 10 10 10 10 10 10 10 10 10 1170 1182 1182 1182 1182 1182 1182 1182 1182 1182 1182 1182 1182 1184 10 10 10 1320 1332 1332
1332 1332 1334 10 10 10 10 10 10 10 220 234 10 10 10 10 10 10 10 10 1308 1310 1310 1310 1310 1311 10 10 10 10 1170 1182 1182 1182 1182 1182 1182 1182 1182 1182 1182 1182 1182 1184 10 10 10 1320 1332 1332
1332 1332 1334 10 10 10 10 10 10 10 220 234 10 10 10 10 10 10 10 10 1320 1332 1332 1332 1332 1334 10 10 10 10 1193 1178 1182 1182 1182 1182 1182 1182 1182 1182 1182 1182 1179 1196 10 10 10 1320 1332 1332
1332 1332 1334 10 10 10 10 10 10 10 220 234 10 10 10 10 10 1308 1310 1310 1317 1332 1332 1332 1332 1318 1310 1311 10 10 10 1193 1194 1194 1194 1178 1182 1179 1194 1194 1194 1194 1196 10 10 10 10 1320 1332 1332
1332 1332 1334 10 10 10 10 10 10 10 220 234 10 10 10 10 10 1320 1332 1332 1332 1332 1332 1332 1332 1332 1332 1334 10 10 10 10 10 10 10 1170 1182 1184 10 10 10 10 10 10 10 10 10 1320 1332 1332
1332 1332 1334 10 10 10 10 10 10 10 220 234 10 10 10 10 10 1320 1332 1332 1332 1332 1332 1332 1332 1332 1332 1334 10 10 10 10 10 10 10 1170 1182 1184 10 10 10 10 10 10 10 10 10 1320 1332 1332
1332 1332 1334 10 10 10 10 10 10 10 220 234 10 10 10 10 10 1320 1332 1332 1332 1332 1332 1332 1332 1332 1332 1334 10 10 10 10 10 10 10 1170 1182 1184 10 10 10 10 10 10 10 10 10 1320 1332 1332
1332 1332 1334 10 10 10 10 10 10 10 220 234 10 10 10 10 10 1343 1344 1344 1344 1344 1420 1344 1344 1344 1344 1346 10 10 10 10 10 10 10 1170 1182 1184 10 10 10 10 10 10 10 10 10 1320 1332 1332
1332 1332 1334 10 10 10 10 10 10 10 220 234 10 10 10 10 10 1401 1402 1402 1402 1402 1421 1402 1402 1402 1402 1403 10 10 10 10 10 10 10 1170 1182 1184 10 10 10 10 10 10 10 10 10 1320 1332 1332
1332 1332 1334 10 10 10 10 10 10 10 220 234 10 10 10 10 10 10 10 10 10 10 208 211 10 10 10 10 10 10 10 10 10 10 10 1170 1182 1184 10 10 10 10 10 10 10 10 10 1320 1332 1332
1332 1332 1334 10 10 10 10 10 10 10 220 234 10 10 10 10 10 10 10 10 10 10 220 234 10 10 10 10 10 10 10 10 10 10 10 1170 1182 1184 10 10 10 10 10 10 10 10 10 1320 1332 1332
1332 1332 1334 10 10 10 10 10 10 10 220 234 10 10 10 10 10 10 10 10 10 10 220 234 10 10 10 10 10 10 10 10 10 10 10 1170 1182 1184 10 10 10 10 10 10 10 10 10 1320 1332 1332
1332 1332 1334 10 10 10 10 10 10 10 220 234 10 10 10 10 10 10 10 10 10 10 220 234 10 10 10 10 10 10 10 10 10 10 10 1193 1194 1196 10 10 10 10 10 10 10 10 10 1320 1332 1332
1332 1332 1334 10 10 10 10 10 10 10 220 218 210 210 210 210 210 210 210 210 210 210 217 218 210 210 210 210 210 210 210 210 210 210 210 210 210 210 210 210 210 210 210 210 211 10 10 1320 1332 1332
1332 1332 1334 10 10 10 10 10 10 10 243 244 244 244 244 244 244 244 244 244 244 244 244 244 244 244 244 244 244 244 244 244 244 244 244 244 244 244 244 244 244 228 229 244 246 10 10 1320 1332 1332
1332 1332 1334 10 10 10 10 10 10 10 10 10 10 10 10 10 10 10 10 10 10 10 10 10 10 10 10 10 10 10 10 10 10 10 10 1158 1160 1161 10 10 10 220 234 10 10 10 10 1320 1332 1332
1332 1332 1334 10 10 10 10 10 10 10 10 10 10 10 10 10 10 10 10 10 10 10 10 10 10 10 10 10 10 10 10 10 10 10 10 1170 1182 1184 10 10 10 220 234 10 10 10 10 1320 1332 1332
1332 1332 1334 10 10 10 10 10 10 10 10 10 10 10 10 10 10 10 10 10 10 10 10 10 10 10 10 10 10 10 10 10 10 10 10 1170 1182 1184 10 10 10 220 234 10 10 10 10 1320 1332 1332
1332 1332 1334 10 10 10 10 10 10 10 10 10 10 10 10 10 10 10 10 10 10 10 10 10 10 10 10 10 10 10 10 10 10 10 10 1170 1182 1184 10 10 10 220 234 10 10 10 10 1320 1332 1332
1332 1332 1334 10 10 10 10 1158 1160 1160 1160 1160 1160 1161 10 10 10 10 10 10 10 10 10 10 10 10 10 10 10 10 10 10 10 10 10 1170 1182 1184 10 208 210 217 218 210 211 10 10 1320 1332 1332
1332 1332 1334 10 10 10 1158 1167 1182 1182 1182 1182 1182 1168 1161 10 10 10 10 10 10 10 10 10 10 10 10 10 10 10 10 10 10 10 10 1170 1182 1184 208 217 232 232 232 232 218 211 10 1320 1332 1332
1332 1332 1334 10 10 1158 1167 1182 1182 1182 1182 1182 1182 1182 1184 10 10 10 10 10 10 10 10 10 10 10 10 10 10 10 10 10 10 10 10 1170 1182 1184 220 232 232 232 232 232 232 234 10 1320 1332 1332
1332 1332 1334 10 10 1170 1182 1182 1182 1182 1182 1182 1182 1182 1184 10 10 10 10 10 10 10 10 10 10 10 10 10 10 10 10 10 10 10 10 1170 1182 1184 220 232 232 232 232 232 232 234 10 1320 1332 1332
1332 1332 1334 10 10 1193 1178 1182 1182 1182 1182 1182 1182 1182 1184 10 10 10 10 10 10 10 10 10 10 10 10 10 10 10 10 10 10 10 10 1170 1182 1184 220 232 232 232 232 232 232 234 10 1320 1332 1332
1332 1332 1334 10 10 10 1193 1178 1182 1182 1182 1182 1182 1179 1196 10 10 10 10 10 10 10 10 10 10 10 10 10 10 10 10 10 10 10 10 1170 1182 1184 220 232 232 232 232 232 232 234 10 1320 1332 1332
1332 1332 1334 10 10 10 10 1193 1194 1194 1194 1194 1194 1196 10 10 10 10 10 10 10 10 10 10 10 10 10 10 10 10 10 10 10 10 10 1170 1182 1184 220 232 232 232 232 232 232 234 10 1320 1332 1332
1332 1332 1334 10 10 10 10 10 10 10 10 10 10 10 10 10 10 10 10 10 10 10 10 10 10 10 10 10 10 10 10 10 10 10 10 1170 1182 1184 220 232 232 232 232 232 232 234 10 1320 1332 1332
1332 1332 1334 10 10 10 10 10 10 10 10 10 10 10 10 10 10 10 10 10 10 10 10 10 10 10 10 10 10 10 10 10 10 10 10 1170 1182 1184 243 228 232 232 232 232 229 246 10 1320 1332 1332
1332 1332 1334 10 10 10 10 10 10 10 10 10 10 10 10 10 10 10 10 10 10 10 10 10 10 10 10 10 10 10 10 10 10 10 10 1170 1182 1184 10 243 244 244 244 244 246 10 10 1320 1332 1332
1332 1332 1334 10 10 10 10 10 10 10 10 10 10 10 10 10 10 10 10 10 10 10 10 10 10 10 10 10 10 10 10 10 10 10 10 1170 1182 1184 10 10 10 10 10 10 10 10 10 1320 1332 1332
1332 1332 1334 10 10 10 10 10 10 10 10 10 10 10 10 10 10 10 10 10 10 10 10 10 10 10 10 10 10 10 10 10 10 10 10 1170 1182 1184 10 10 10 10 10 10 10 10 10 1320 1332 1332
1332 1332 1334 10 10 10 10 10 10 10 10 10 10 10 10 10 10 10 10 10 10 10 10 10 10 10 10 10 10 10 10 10 10 10 10 1193 1194 1196 10 10 10 10 10 10 10 10 10 1320 1332 1332
1332 1332 1318 1310 1310 1310 1310 1310 1310 1310 1310 1310 1310 1310 1310 1310 1310 1310 1310 1310 1310 1310 1310 1310 1310 1310 1310 1310 1310 1310 1310 1310 1310 1310 1310 1310 1310 1310 1310 1310 1310 1310 1310 1310 1310 1310 1310 1317 1332 1332
1332 1332 1332 1332 1332 1332 1332 1332 1332 1332 1332 1332 1332 1332 1332 1332 1332 1332 1332 1332 1332 1332 1332 1332 1332 1332 1332 1332 1332 1332 1332 1332 1332 1332 1332 1332 1332 1332 1332 1332 1332 1332 1332 1332 1332 1332 1332 1332 1332 1332
1332 1332 1332 1332 1332 1332 1332 1332 1332 1332 1332 1332 1332 1332 1332 1332 1332 1332 1332 1332 1332 1332 1332 1332 1332 1332 1332 1332 1332 1332 1332 1332 1332 1332 1332 1332 1332 1332 1332 1332 1332 1332 1332 1332 1332 1332 1332 1332 1332 1332
1332 1332 1332 1332 1332 1332 1332 1332 1332 1332 1332 1332 1332 1332 1332 1332 1332 1332 1332 1332 1332 1332 1332 1332 1332 1332 1332 1332 1332 1332 1332 1332 1332 1332 1332 1332 1332 1332 1332 1332 1332 1332 1332 1332 1332 1332 1332 1332 1332 1332
